0110110101100001011100100110100101101110011001010110010101101110011101
1001101001011100100110111101101110011011010110010101101110011101000110
1111011100100111010001101000011001010100011101110010011001010110000101
1101000100110001100001011010110110010101110011001011100100110101100001
0111001001101001011011100110010101100100011001010110001001110010011010
0101110011011000010110011001100110011001010110001101110100011100110111
0100011010000110010101101101011000010111001001101001011011100110010101
1001010110001101101111011100110111100101110011011101000110010101101101
0110010001101001011100100110010101100011011101000110110001111001001011
0001110100011010000111001001101111011101010110011101101000011010010110
1110011001110110010101110011011101000110100101101111011011100010110001
1001010110111001110100011000010110111001100111011011000110010101101101
0110010101101110011101000010110001100001011011100110010001100001011011
0001110100011001010111001001100001011101000110100101101111011011100110
1111011001100111010001101000011001010110010101100011011011110111001101
1110010111001101110100011001010110110100101100011000010110111001100100
0110100101101110011001000110100101110010011001010110001101110100011011
0001111001001011000110001001111001011000110110111101101110011101000111
0010011010010110001001110101011101000110100101101110011001110110100101
1100110110100001100001011100100110110101110011011101000110111101110101
0111001001101001011100110110110100101100011101000110100001100101011001
1001101001011100110110100001101001011011100110011101101001011011100110
0100011101010111001101110100011100100111100100101100011000010110111001
1001000110111001100001011101100110100101100111011000010111010001101001
0110111101101110001011100101000001101100011000010111001101110100011010
0101100011011011010110000101110010011010010110111001100101011001000110
0101011000100111001001101001011100110110100101110011011011110110011001
1100000110000101110010011101000110100101100011011101010110110001100001
0111001001100011011011110110111001100011011001010111001001101110011001
0001110101011001010111010001101111011010010111010001110011011011000110
1111011011100110011101100101011101100110100101110100011110010110100101
1011100111010001101000011001010110110101100001011100100110100101101110
0110010101100101011011100111011001101001011100100110111101101110011011
0101100101011011100111010000101100011101000110100001100101011100000110
1000011110010111001101101001011000110110000101101100011000010110111001
1001000110001101101000011001010110110101101001011000110110000101101100
0110100001100001011110100110000101110010011001000111001101101001011101
0001110000011100100110010101110011011001010110111001110100011100110111
0100011011110110110101100001011100100110100101101110011001010110000101
1011100110010001100010011010010111001001100100011011000110100101100110
0110010100101100011000010110111001100100011101000110100001100101011001
1001100001011000110111010001110100011010000110000101110100011010010111
0100011010010111001101100110011100100110010101110001011101010110010101
1011100111010001101100011110010110110101101001011100110111010001100001
0110101101100101011011100110000101110011011001100110111101101111011001
0001100010011110010110001001101001011100100110010001110011011000010110
1110011001000110011001101001011100110110100000101110010010010110111001
1101000110100001100101010011010110000101110010011010010110111001100101
0100010001100101011000100111001001101001011100110101001001100101011100
1101100101011000010111001001100011011010000010110001010000011100100110
0101011101100110010101101110011101000110100101101111011011100010110001
1000010110111001100100010100100110010101100100011101010110001101110100
0110100101101111011011100100000101100011011101000010110001000011011011
1101101110011001110111001001100101011100110111001101100100011001010110
0110011010010110111001100101011001000111010001101000011001010111010001
1001010111001001101101011011010110000101110010011010010110111001100101
0110010001100101011000100111001001101001011100110111010001101111011011
0101100101011000010110111001100001011011100111100101110000011001010111
0010011100110110100101110011011101000110010101101110011101000111001101
1011110110110001101001011001000110110101100001011101000110010101110010
0110100101100001011011000111010001101000011000010111010001101001011100
1101101101011000010110111001110101011001100110000101100011011101000111
0101011100100110010101100100011011110111001001110000011100100110111101
1000110110010101110011011100110110010101100100011000010110111001100100
0110010001101001011100100110010101100011011101000110110001111001011011
1101110010011010010110111001100100011010010111001001100101011000110111
0100011011000111100100101100011010010110111001110100011001010110111001
1101000110100101101111011011100110000101101100011011000111100101101111
0111001001110101011011100110100101101110011101000110010101101110011101
0001101001011011110110111001100001011011000110110001111001001011000110
