0100011010010111001101110000011011110111001101100101011001000110111101
1001100110111101110010011000010110001001100001011011100110010001101111
0110111001100101011001000110100101101110011101000110111101110100011010
0001100101011011010110000101110010011010010110111001100101011001010110
1110011101100110100101110010011011110110111001101101011001010110111001
1101000110111101110010011101000110100001100101010001110111001001100101
0110000101110100010011000110000101101011011001010111001100101110010011
0101100001011100100110100101101110011001010110010001100101011000100111
0010011010010111001101100001011001100110011001100101011000110111010001
1100110111010001101000011001010110110101100001011100100110100101101110
0110010101100101011000110110111101110011011110010111001101110100011001
0101101101011001000110100101110010011001010110001101110100011011000111
1001001011000111010001101000011100100110111101110101011001110110100001
1010010110111001100111011001010111001101110100011010010110111101101110
0010110001100101011011100111010001100001011011100110011101101100011001
0101101101011001010110111001110100001011000110000101101110011001000110
0001011011000111010001100101011100100110000101110100011010010110111101
1011100110111101100110011101000110100001100101011001010110001101101111
0111001101111001011100110111010001100101011011010010110001100001011011
1001100100011010010110111001100100011010010111001001100101011000110111
0100011011000111100100101100011000100111100101100011011011110110111001
1101000111001001101001011000100111010101110100011010010110111001100111
0110100101110011011010000110000101110010011011010111001101110100011011
1101110101011100100110100101110011011011010010110001110100011010000110
0101011001100110100101110011011010000110100101101110011001110110100101
1011100110010001110101011100110111010001110010011110010010110001100001
0110111001100100011011100110000101110110011010010110011101100001011101
0001101001011011110110111000101110010100000110110001100001011100110111
0100011010010110001101101101011000010111001001101001011011100110010101
1001000110010101100010011100100110100101110011011010010111001101101111
0110011001110000011000010111001001110100011010010110001101110101011011
0001100001011100100110001101101111011011100110001101100101011100100110
1110011001000111010101100101011101000110111101101001011101000111001101
1011000110111101101110011001110110010101110110011010010111010001111001
0110100101101110011101000110100001100101011011010110000101110010011010
0101101110011001010110010101101110011101100110100101110010011011110110
1110011011010110010101101110011101000010110001110100011010000110010101
1100000110100001111001011100110110100101100011011000010110110001100001
0110111001100100011000110110100001100101011011010110100101100011011000
0101101100011010000110000101111010011000010111001001100100011100110110
1001011101000111000001110010011001010111001101100101011011100111010001
1100110111010001101111011011010110000101110010011010010110111001100101
0110000101101110011001000110001001101001011100100110010001101100011010
0101100110011001010010110001100001011011100110010001110100011010000110
0101011001100110000101100011011101000111010001101000011000010111010001
1010010111010001101001011100110110011001110010011001010111000101110101
0110010101101110011101000110110001111001011011010110100101110011011101
0001100001011010110110010101101110011000010111001101100110011011110110
1111011001000110001001111001011000100110100101110010011001000111001101
1000010110111001100100011001100110100101110011011010000010111001001001
0110111001110100011010000110010101001101011000010111001001101001011011
1001100101010001000110010101100010011100100110100101110011010100100110
0101011100110110010101100001011100100110001101101000001011000101000001
1100100110010101110110011001010110111001110100011010010110111101101110
0010110001100001011011100110010001010010011001010110010001110101011000
1101110100011010010110111101101110010000010110001101110100001011000100
0011011011110110111001100111011100100110010101110011011100110110010001
1001010110011001101001011011100110010101100100011101000110100001100101
0111010001100101011100100110110101101101011000010111001001101001011011
1001100101011001000110010101100010011100100110100101110011011101000110
1111011011010110010101100001011011100110000101101110011110010111000001
1001010111001001110011011010010111001101110100011001010110111001110100
0111001101101111011011000110100101100100011011010110000101110100011001
0101110010011010010110000101101100011101000110100001100001011101000110
1001011100110110110101100001011011100111010101100110011000010110001101
1101000111010101110010011001010110010001101111011100100111000001110010
0110111101100011011001010111001101110011011001010110010001100001011011
1001100100011001000110100101110010011001010110001101110100011011000111
1001011011110111001001101001011011100110010001101001011100100110010101
1000110111010001101100011110010010110001101001011011100111010001100101
