0110110101100001011100100110100101101110011001010110010101100011011011
1101110011011110010111001101110100011001010110110101100100011010010111
0010011001010110001101110100011011000111100100101100011101000110100001
1100100110111101110101011001110110100001101001011011100110011101100101
0111001101110100011010010110111101101110001011000110010101101110011101
0001100001011011100110011101101100011001010110110101100101011011100111
0100001011000110000101101110011001000110000101101100011101000110010101
1100100110000101110100011010010110111101101110011011110110011001110100
0110100001100101011001010110001101101111011100110111100101110011011101
0001100101011011010010110001100001011011100110010001101001011011100110
0100011010010111001001100101011000110111010001101100011110010010110001
1000100111100101100011011011110110111001110100011100100110100101100010
0111010101110100011010010110111001100111011010010111001101101000011000
0101110010011011010111001101110100011011110111010101110010011010010111
0011011011010010110001110100011010000110010101100110011010010111001101
1010000110100101101110011001110110100101101110011001000111010101110011
0111010001110010011110010010110001100001011011100110010001101110011000
0101110110011010010110011101100001011101000110100101101111011011100010
1110010100000110110001100001011100110111010001101001011000110110110101
1000010111001001101001011011100110010101100100011001010110001001110010
0110100101110011011010010111001101101111011001100111000001100001011100
1001110100011010010110001101110101011011000110000101110010011000110110
1111011011100110001101100101011100100110111001100100011101010110010101
1101000110111101101001011101000111001101101100011011110110111001100111
0110010101110110011010010111010001111001011010010110111001110100011010
0001100101011011010110000101110010011010010110111001100101011001010110
1110011101100110100101110010011011110110111001101101011001010110111001
1101000010110001110100011010000110010101110000011010000111100101110011
0110100101100011011000010110110001100001011011100110010001100011011010
0001100101011011010110100101100011011000010110110001101000011000010111
1010011000010111001001100100011100110110100101110100011100000111001001
1001010111001101100101011011100111010001110011011101000110111101101101
0110000101110010011010010110111001100101011000010110111001100100011000
1001101001011100100110010001101100011010010110011001100101001011000110
0001011011100110010001110100011010000110010101100110011000010110001101
1101000111010001101000011000010111010001101001011101000110100101110011
0110011001110010011001010111000101110101011001010110111001110100011011
0001111001011011010110100101110011011101000110000101101011011001010110
1110011000010111001101100110011011110110111101100100011000100111100101
1000100110100101110010011001000111001101100001011011100110010001100110
0110100101110011011010000010111001001001011011100111010001101000011001
0101001101011000010111001001101001011011100110010101000100011001010110
0010011100100110100101110011010100100110010101110011011001010110000101
1100100110001101101000001011000101000001110010011001010111011001100101
0110111001110100011010010110111101101110001011000110000101101110011001
0001010010011001010110010001110101011000110111010001101001011011110110
1110010000010110001101110100001011000100001101101111011011100110011101
1100100110010101110011011100110110010001100101011001100110100101101110
0110010101100100011101000110100001100101011101000110010101110010011011
0101101101011000010111001001101001011011100110010101100100011001010110
0010011100100110100101110011011101000110111101101101011001010110000101
1011100110000101101110011110010111000001100101011100100111001101101001
0111001101110100011001010110111001110100011100110110111101101100011010
0101100100011011010110000101110100011001010111001001101001011000010110
1100011101000110100001100001011101000110100101110011011011010110000101
1011100111010101100110011000010110001101110100011101010111001001100101
0110010001101111011100100111000001110010011011110110001101100101011100
1101110011011001010110010001100001011011100110010001100100011010010111
0010011001010110001101110100011011000111100101101111011100100110100101
1011100110010001101001011100100110010101100011011101000110110001111001
0010110001101001011011100111010001100101011011100111010001101001011011
1101101110011000010110110001101100011110010110111101110010011101010110
1110011010010110111001110100011001010110111001110100011010010110111101
1011100110000101101100011011000111100100101100011001000110100101110011
0111000001101111011100110110010101100100011011110110011001101111011100
1001100001011000100110000101101110011001000110111101101110011001010110
0100011010010110111001110100011011110111010001101000011001010110110101
1000010111001001101001011011100110010101100101011011100111011001101001
0111001001101111011011100110110101100101011011100111010001101111011100
1001110100011010000110010101000111011100100110010101100001011101000100
