0110111001110100011010010110111101101110011000010110110001101100011110
0101101111011100100111010101101110011010010110111001110100011001010110
1110011101000110100101101111011011100110000101101100011011000111100100
1011000110010001101001011100110111000001101111011100110110010101100100
0110111101100110011011110111001001100001011000100110000101101110011001
0001101111011011100110010101100100011010010110111001110100011011110111
0100011010000110010101101101011000010111001001101001011011100110010101
1001010110111001110110011010010111001001101111011011100110110101100101
0110111001110100011011110111001001110100011010000110010101000111011100
1001100101011000010111010001001100011000010110101101100101011100110010
1110010011010110000101110010011010010110111001100101011001000110010101
1000100111001001101001011100110110000101100110011001100110010101100011
0111010001110011011101000110100001100101011011010110000101110010011010
0101101110011001010110010101100011011011110111001101111001011100110111
0100011001010110110101100100011010010111001001100101011000110111010001
1011000111100100101100011101000110100001110010011011110111010101100111
0110100001101001011011100110011101100101011100110111010001101001011011
1101101110001011000110010101101110011101000110000101101110011001110110
1100011001010110110101100101011011100111010000101100011000010110111001
1001000110000101101100011101000110010101110010011000010111010001101001
0110111101101110011011110110011001110100011010000110010101100101011000
1101101111011100110111100101110011011101000110010101101101001011000110
0001011011100110010001101001011011100110010001101001011100100110010101
1000110111010001101100011110010010110001100010011110010110001101101111
0110111001110100011100100110100101100010011101010111010001101001011011
1001100111011010010111001101101000011000010111001001101101011100110111
0100011011110111010101110010011010010111001101101101001011000111010001
1010000110010101100110011010010111001101101000011010010110111001100111
0110100101101110011001000111010101110011011101000111001001111001001011
0001100001011011100110010001101110011000010111011001101001011001110110
0001011101000110100101101111011011100010111001010000011011000110000101
1100110111010001101001011000110110110101100001011100100110100101101110
0110010101100100011001010110001001110010011010010111001101101001011100
1101101111011001100111000001100001011100100111010001101001011000110111
0101011011000110000101110010011000110110111101101110011000110110010101
1100100110111001100100011101010110010101110100011011110110100101110100
0111001101101100011011110110111001100111011001010111011001101001011101
0001111001011010010110111001110100011010000110010101101101011000010111
0010011010010110111001100101011001010110111001110110011010010111001001
1011110110111001101101011001010110111001110100001011000111010001101000
0110010101110000011010000111100101110011011010010110001101100001011011
0001100001011011100110010001100011011010000110010101101101011010010110
0011011000010110110001101000011000010111101001100001011100100110010001
1100110110100101110100011100000111001001100101011100110110010101101110
0111010001110011011101000110111101101101011000010111001001101001011011
1001100101011000010110111001100100011000100110100101110010011001000110
1100011010010110011001100101001011000110000101101110011001000111010001
1010000110010101100110011000010110001101110100011101000110100001100001
0111010001101001011101000110100101110011011001100111001001100101011100
0101110101011001010110111001110100011011000111100101101101011010010111
0011011101000110000101101011011001010110111001100001011100110110011001
1011110110111101100100011000100111100101100010011010010111001001100100
0111001101100001011011100110010001100110011010010111001101101000001011
1001001001011011100111010001101000011001010100110101100001011100100110
1001011011100110010101000100011001010110001001110010011010010111001101
0100100110010101110011011001010110000101110010011000110110100000101100
0101000001110010011001010111011001100101011011100111010001101001011011
1101101110001011000110000101101110011001000101001001100101011001000111
0101011000110111010001101001011011110110111001000001011000110111010000
1011000100001101101111011011100110011101110010011001010111001101110011
0110010001100101011001100110100101101110011001010110010001110100011010
0001100101011101000110010101110010011011010110110101100001011100100110
1001011011100110010101100100011001010110001001110010011010010111001101
1101000110111101101101011001010110000101101110011000010110111001111001
0111000001100101011100100111001101101001011100110111010001100101011011
1001110100011100110110111101101100011010010110010001101101011000010111
0100011001010111001001101001011000010110110001110100011010000110000101
1101000110100101110011011011010110000101101110011101010110011001100001
0110001101110100011101010111001001100101011001000110111101110010011100
0001110010011011110110001101100101011100110111001101100101011001000110
