1100011000010110101101100101011100110010111001001101011000010111001001
1010010110111001100101011001000110010101100010011100100110100101110011
0110000101100110011001100110010101100011011101000111001101110100011010
0001100101011011010110000101110010011010010110111001100101011001010110
0011011011110111001101111001011100110111010001100101011011010110010001
1010010111001001100101011000110111010001101100011110010010110001110100
0110100001110010011011110111010101100111011010000110100101101110011001
1101100101011100110111010001101001011011110110111000101100011001010110
1110011101000110000101101110011001110110110001100101011011010110010101
1011100111010000101100011000010110111001100100011000010110110001110100
0110010101110010011000010111010001101001011011110110111001101111011001
1001110100011010000110010101100101011000110110111101110011011110010111
0011011101000110010101101101001011000110000101101110011001000110100101
1011100110010001101001011100100110010101100011011101000110110001111001
0010110001100010011110010110001101101111011011100111010001110010011010
0101100010011101010111010001101001011011100110011101101001011100110110
1000011000010111001001101101011100110111010001101111011101010111001001
1010010111001101101101001011000111010001101000011001010110011001101001
0111001101101000011010010110111001100111011010010110111001100100011101
0101110011011101000111001001111001001011000110000101101110011001000110
1110011000010111011001101001011001110110000101110100011010010110111101
1011100010111001010000011011000110000101110011011101000110100101100011
0110110101100001011100100110100101101110011001010110010001100101011000
1001110010011010010111001101101001011100110110111101100110011100000110
0001011100100111010001101001011000110111010101101100011000010111001001
1000110110111101101110011000110110010101110010011011100110010001110101
0110010101110100011011110110100101110100011100110110110001101111011011
1001100111011001010111011001101001011101000111100101101001011011100111
0100011010000110010101101101011000010111001001101001011011100110010101
1001010110111001110110011010010111001001101111011011100110110101100101
0110111001110100001011000111010001101000011001010111000001101000011110
0101110011011010010110001101100001011011000110000101101110011001000110
0011011010000110010101101101011010010110001101100001011011000110100001
1000010111101001100001011100100110010001110011011010010111010001110000
0111001001100101011100110110010101101110011101000111001101110100011011
1101101101011000010111001001101001011011100110010101100001011011100110
0100011000100110100101110010011001000110110001101001011001100110010100
1011000110000101101110011001000111010001101000011001010110011001100001
0110001101110100011101000110100001100001011101000110100101110100011010
0101110011011001100111001001100101011100010111010101100101011011100111
0100011011000111100101101101011010010111001101110100011000010110101101
1001010110111001100001011100110110011001101111011011110110010001100010
0111100101100010011010010111001001100100011100110110000101101110011001
0001100110011010010111001101101000001011100100100101101110011101000110
1000011001010100110101100001011100100110100101101110011001010100010001
1001010110001001110010011010010111001101010010011001010111001101100101
0110000101110010011000110110100000101100010100000111001001100101011101
1001100101011011100111010001101001011011110110111000101100011000010110
1110011001000101001001100101011001000111010101100011011101000110100101
1011110110111001000001011000110111010000101100010000110110111101101110
0110011101110010011001010111001101110011011001000110010101100110011010
0101101110011001010110010001110100011010000110010101110100011001010111
0010011011010110110101100001011100100110100101101110011001010110010001
1001010110001001110010011010010111001101110100011011110110110101100101
0110000101101110011000010110111001111001011100000110010101110010011100
1101101001011100110111010001100101011011100111010001110011011011110110
1100011010010110010001101101011000010111010001100101011100100110100101
1000010110110001110100011010000110000101110100011010010111001101101101
0110000101101110011101010110011001100001011000110111010001110101011100
1001100101011001000110111101110010011100000111001001101111011000110110
0101011100110111001101100101011001000110000101101110011001000110010001
1010010111001001100101011000110111010001101100011110010110111101110010
0110100101101110011001000110100101110010011001010110001101110100011011
0001111001001011000110100101101110011101000110010101101110011101000110
1001011011110110111001100001011011000110110001111001011011110111001001
1101010110111001101001011011100111010001100101011011100111010001101001
0110111101101110011000010110110001101100011110010010110001100100011010
0101110011011100000110111101110011011001010110010001101111011001100110
1111011100100110000101100010011000010110111001100100011011110110111001
1001010110010001101001011011100111010001101111011101000110100001100101
