1111011101010110011101101000011010010110111001100111011001010111001101
1101000110100101101111011011100010110001100101011011100111010001100001
0110111001100111011011000110010101101101011001010110111001110100001011
0001100001011011100110010001100001011011000111010001100101011100100110
0001011101000110100101101111011011100110111101100110011101000110100001
1001010110010101100011011011110111001101111001011100110111010001100101
0110110100101100011000010110111001100100011010010110111001100100011010
0101110010011001010110001101110100011011000111100100101100011000100111
1001011000110110111101101110011101000111001001101001011000100111010101
1101000110100101101110011001110110100101110011011010000110000101110010
0110110101110011011101000110111101110101011100100110100101110011011011
0100101100011101000110100001100101011001100110100101110011011010000110
1001011011100110011101101001011011100110010001110101011100110111010001
1100100111100100101100011000010110111001100100011011100110000101110110
0110100101100111011000010111010001101001011011110110111000101110010100
0001101100011000010111001101110100011010010110001101101101011000010111
0010011010010110111001100101011001000110010101100010011100100110100101
1100110110100101110011011011110110011001110000011000010111001001110100
0110100101100011011101010110110001100001011100100110001101101111011011
1001100011011001010111001001101110011001000111010101100101011101000110
1111011010010111010001110011011011000110111101101110011001110110010101
1101100110100101110100011110010110100101101110011101000110100001100101
0110110101100001011100100110100101101110011001010110010101101110011101
1001101001011100100110111101101110011011010110010101101110011101000010
1100011101000110100001100101011100000110100001111001011100110110100101
1000110110000101101100011000010110111001100100011000110110100001100101
0110110101101001011000110110000101101100011010000110000101111010011000
0101110010011001000111001101101001011101000111000001110010011001010111
0011011001010110111001110100011100110111010001101111011011010110000101
1100100110100101101110011001010110000101101110011001000110001001101001
0111001001100100011011000110100101100110011001010010110001100001011011
1001100100011101000110100001100101011001100110000101100011011101000111
0100011010000110000101110100011010010111010001101001011100110110011001
1100100110010101110001011101010110010101101110011101000110110001111001
0110110101101001011100110111010001100001011010110110010101101110011000
0101110011011001100110111101101111011001000110001001111001011000100110
1001011100100110010001110011011000010110111001100100011001100110100101
1100110110100000101110010010010110111001110100011010000110010101001101
0110000101110010011010010110111001100101010001000110010101100010011100
1001101001011100110101001001100101011100110110010101100001011100100110
0011011010000010110001010000011100100110010101110110011001010110111001
1101000110100101101111011011100010110001100001011011100110010001010010
0110010101100100011101010110001101110100011010010110111101101110010000
0101100011011101000010110001000011011011110110111001100111011100100110
0101011100110111001101100100011001010110011001101001011011100110010101
1001000111010001101000011001010111010001100101011100100110110101101101
0110000101110010011010010110111001100101011001000110010101100010011100
1001101001011100110111010001101111011011010110010101100001011011100110
0001011011100111100101110000011001010111001001110011011010010111001101
1101000110010101101110011101000111001101101111011011000110100101100100
0110110101100001011101000110010101110010011010010110000101101100011101
0001101000011000010111010001101001011100110110110101100001011011100111
0101011001100110000101100011011101000111010101110010011001010110010001
1011110111001001110000011100100110111101100011011001010111001101110011
0110010101100100011000010110111001100100011001000110100101110010011001
0101100011011101000110110001111001011011110111001001101001011011100110
0100011010010111001001100101011000110111010001101100011110010010110001
1010010110111001110100011001010110111001110100011010010110111101101110
0110000101101100011011000111100101101111011100100111010101101110011010
0101101110011101000110010101101110011101000110100101101111011011100110
0001011011000110110001111001001011000110010001101001011100110111000001
1011110111001101100101011001000110111101100110011011110111001001100001
0110001001100001011011100110010001101111011011100110010101100100011010
0101101110011101000110111101110100011010000110010101101101011000010111
0010011010010110111001100101011001010110111001110110011010010111001001
1011110110111001101101011001010110111001110100011011110111001001110100
0110100001100101010001110111001001100101011000010111010001001100011000
0101101011011001010111001100101110010011010110000101110010011010010110
1110011001010110010001100101011000100111001001101001011100110110000101
1001100110011001100101011000110111010001110011011101000110100001100101
