0001011011100110010001100100011010010111001001100101011000110111010001
1011000111100101101111011100100110100101101110011001000110100101110010
0110010101100011011101000110110001111001001011000110100101101110011101
0001100101011011100111010001101001011011110110111001100001011011000110
1100011110010110111101110010011101010110111001101001011011100111010001
1001010110111001110100011010010110111101101110011000010110110001101100
0111100100101100011001000110100101110011011100000110111101110011011001
0101100100011011110110011001101111011100100110000101100010011000010110
1110011001000110111101101110011001010110010001101001011011100111010001
1011110111010001101000011001010110110101100001011100100110100101101110
0110010101100101011011100111011001101001011100100110111101101110011011
0101100101011011100111010001101111011100100111010001101000011001010100
0111011100100110010101100001011101000100110001100001011010110110010101
1100110010111001001101011000010111001001101001011011100110010101100100
0110010101100010011100100110100101110011011000010110011001100110011001
0101100011011101000111001101110100011010000110010101101101011000010111
0010011010010110111001100101011001010110001101101111011100110111100101
1100110111010001100101011011010110010001101001011100100110010101100011
0111010001101100011110010010110001110100011010000111001001101111011101
0101100111011010000110100101101110011001110110010101110011011101000110
1001011011110110111000101100011001010110111001110100011000010110111001
1001110110110001100101011011010110010101101110011101000010110001100001
0110111001100100011000010110110001110100011001010111001001100001011101
0001101001011011110110111001101111011001100111010001101000011001010110
0101011000110110111101110011011110010111001101110100011001010110110100
1011000110000101101110011001000110100101101110011001000110100101110010
0110010101100011011101000110110001111001001011000110001001111001011000
1101101111011011100111010001110010011010010110001001110101011101000110
1001011011100110011101101001011100110110100001100001011100100110110101
1100110111010001101111011101010111001001101001011100110110110100101100
0111010001101000011001010110011001101001011100110110100001101001011011
1001100111011010010110111001100100011101010111001101110100011100100111
1001001011000110000101101110011001000110111001100001011101100110100101
1001110110000101110100011010010110111101101110001011100101000001101100
0110000101110011011101000110100101100011011011010110000101110010011010
0101101110011001010110010001100101011000100111001001101001011100110110
1001011100110110111101100110011100000110000101110010011101000110100101
1000110111010101101100011000010111001001100011011011110110111001100011
0110010101110010011011100110010001110101011001010111010001101111011010
0101110100011100110110110001101111011011100110011101100101011101100110
1001011101000111100101101001011011100111010001101000011001010110110101
1000010111001001101001011011100110010101100101011011100111011001101001
0111001001101111011011100110110101100101011011100111010000101100011101
0001101000011001010111000001101000011110010111001101101001011000110110
0001011011000110000101101110011001000110001101101000011001010110110101
1010010110001101100001011011000110100001100001011110100110000101110010
0110010001110011011010010111010001110000011100100110010101110011011001
0101101110011101000111001101110100011011110110110101100001011100100110
1001011011100110010101100001011011100110010001100010011010010111001001
1001000110110001101001011001100110010100101100011000010110111001100100
0111010001101000011001010110011001100001011000110111010001110100011010
0001100001011101000110100101110100011010010111001101100110011100100110
0101011100010111010101100101011011100111010001101100011110010110110101
1010010111001101110100011000010110101101100101011011100110000101110011
0110011001101111011011110110010001100010011110010110001001101001011100
1001100100011100110110000101101110011001000110011001101001011100110110
1000001011100100100101101110011101000110100001100101010011010110000101
1100100110100101101110011001010100010001100101011000100111001001101001
0111001101010010011001010111001101100101011000010111001001100011011010
0000101100010100000111001001100101011101100110010101101110011101000110
1001011011110110111000101100011000010110111001100100010100100110010101
1001000111010101100011011101000110100101101111011011100100000101100011
0111010000101100010000110110111101101110011001110111001001100101011100
1101110011011001000110010101100110011010010110111001100101011001000111
0100011010000110010101110100011001010111001001101101011011010110000101
1100100110100101101110011001010110010001100101011000100111001001101001
0111001101110100011011110110110101100101011000010110111001100001011011
1001111001011100000110010101110010011100110110100101110011011101000110
0101011011100111010001110011011011110110110001101001011001000110110101
1000010111010001100101011100100110100101100001011011000111010001101000
